4117
2705
1030
979
1610
173
3117
3216
1905
3060
4422
899
1389
1246
1661
499
2591
2505
2092
2873
3731
356
2946
2331
1473
487
3394
2613
184
28
1647
4306
1850
3283
1764
4426
4627
4687
2021
3308
3543
4448
196
760
2778
3431
1833
696
2888
1983
2938
809
4712
964
2583
3665
3976
4197
2991
732
1136
3169
2574
4864
289
3609
1680
935
1659
1215
36
3608
988
3202
4987
3779
3403
3592
3124
3092
2213
4917
1773
4729
444
4612
593
2004
2378
3933
3005
2203
2999
2503
2878
2054
1968
2876
1520
2163
2689
2956
1576
257
714
2073
4855
534
4834
14
2532
1951
3918
4503
1935
4699
2592
2050
4970
4459
1348
3439
1936
4299
237
3093
4270
271
3653
2126
3922
2751
77
2282
4357
4604
1583
4583
2927
4231
982
2948
147
1217
4800
2542
3570
1816
433
151
4112
1766
3118
2476
1299
1943
3959
1527
3107
3736
1228
4146
1236
1227
1599
2598
4753
3914
3150
3789
1925
1708
1526
2191
535
3688
3339
2798
3233
3781
2023
4055
971
325
4403
4679
3264
850
833
1140
2450
2470
406
3617
601
3734
3838
1799
1811
4157
532
1557
250
4862
753
1193
4684
372
4777
1585
953
2644
4660
1524
740
1855
4732
4391
2044
1621
58
515
4374
2276
3211
2806
1868
1614
2479
2180
1762
3996
3391
3860
2962
1379
723
401
2043
2564
3518
3401
4511
2630
3783
633
1017
4124
1876
2615
2635
834
545
511
1251
1866
2193
3566
790
838
224
2841
4423
3318
4204
4193
4450
9
1004
260
3875
3094
1077
4798
4784
873
1699
4888
4126
3649
3059
1885
2776
4910
3010
1414
630
516
4057
2199
3940
1924
1151
2750
2691
1864
1023
40
334
1118
4314
2169
3204
1615
2233
1384
796
563
4615
560
3743
3964
1149
4832
2257
2179
4826
2596
3672
3109
4207
1541
1091
275
1910
3817
457
2399
750
416
1277
3909
2838
2855
2419
1567
4083
103
1652
3642
1669
4993
2988
4184
3766
210
2490
3257
2359
3043
2330
588
2106
1540
533
3198
1241
1817
4171
2836
1224
4646
4215
3966
3027
353
4558
1995
3536
4560
1890
4470
3305
1889
2624
3033
102
1395
4589
1982
2844
1062
4411
1107
1388
4567
2676
1284
3710
644
1331
2669
579
2243
602
2794
1756
713
993
4494
1085
2639
549
3101
1626
1139
2905
659
825
613
1650
2666
3942
4746
3324
4640
859
2697
4921
4491
4324
4288
195
2822
2160
3581
3037
3369
4631
1580
1093
389
3553
3215
986
4227
4046
157
3660
4145
4244
140
1243
3549
819
4343
3221
3348
1749
2899
377
1723
2874
1554
2175
382
112
2952
1578
620
3767
1689
3997
1124
2872
4105
2680
3049
3999
4447
2700
2286
4337
4912
1316
2834
2554
3830
332
4955
771
1546
2924
4242
4898
501
3901
787
3559
1208
476
872
4518
84
208
1054
1696
203
4676
4819
